0.997516,0.762412,0.925249,0.810639
0.991896,0.721138,0.913268,0.624506
0.995120,0.650382,0.802017,0.670714
0.994197,0.591067,0.804890,0.710069
0.991679,0.319243,0.745091,0.578111
0.994074,0.688671,0.847230,0.839237
0.997136,0.795577,0.913978,0.867763
0.996495,0.721688,0.919801,0.858887
0.996250,0.753237,0.902490,0.854815
0.995960,0.723679,0.884264,0.825472
0.994935,0.677763,0.853430,0.628055
0.994753,0.776619,0.901985,0.727023
0.997102,0.634632,0.880592,0.712287
0.996608,0.745177,0.839013,0.744057
0.996328,0.767942,0.890776,0.826055
0.996881,0.817623,0.920658,0.860151
0.992956,0.603561,0.883411,0.496130
0.994537,0.756910,0.913406,0.630759
0.993263,0.577018,0.730254,0.799288
0.996102,0.747807,0.935957,0.718312
0.997971,0.832296,0.928532,0.926994
0.994538,0.773822,0.897355,0.700372
0.992934,0.587127,0.775779,0.755452
0.994801,0.686810,0.893381,0.818745
0.996268,0.612624,0.859767,0.812580
0.996541,0.671936,0.874165,0.615676
0.996184,0.804941,0.890332,0.729238
0.995513,0.816328,0.917330,0.710408
0.996281,0.807219,0.934526,0.797285
0.995871,0.681551,0.850266,0.784165
0.995818,0.698736,0.921686,0.860612
0.996392,0.653330,0.866204,0.841696
0.995113,0.710863,0.849896,0.567269
0.997513,0.772943,0.912667,0.876385
0.996251,0.618818,0.844103,0.810877
0.996696,0.804328,0.939627,0.864271
0.992370,0.562430,0.727285,0.666473
0.993479,0.652862,0.871970,0.706905
0.997896,0.823688,0.928363,0.903900
0.992462,0.461861,0.627978,0.703173
Results:
Dice Score:  Backgroud  ---  Myo  ---  LV  ---  RV
mean:[0.995367006957531, 0.6966664887964725, 0.867974266409874, 0.7558701068162919]
std:[0.001675007641408944, 0.1044424663161911, 0.06716312620399754, 0.10125573662051096]
                  jaccard  ---  dice  ---  volume_similarity  ---  false_negative  ---  false_positive 
Backgroud:mean[0.9907822764287705, 0.9953670083038533, -0.000152987123811141, 0.004699263748200111, 0.004551088042825173]
          std[0.0033159211773272426, 0.0016750073673852872, 0.0056080025313710305, 0.0038220957840199065, 0.002540704236991221]
Myo:      mean[0.5436198477791274, 0.6966664905411769, 0.27724459858603534, 0.19225760597971595, 0.38048065989495505]
          std[0.11426426822262101, 0.10444246669315926, 0.17047306484226288, 0.09136275013677013, 0.12032374965602499]
LV:       mean[0.7724658980261404, 0.8679742697054031, 0.08495190526131005, 0.08896274529683582, 0.15879595356398393]
          std[0.09671718545823849, 0.0671631315358919, 0.18256492173418196, 0.07446531622835878, 0.10837537902370059]
RV:       mean[0.6179186601217571, 0.7558701025085264, -0.11473530357764053, 0.2726004342880514, 0.18507572475222428]
          std[0.12790309547880552, 0.10125573860195232, 0.2684798976483197, 0.13415018289566194, 0.12954966354520414]
                  hausdorff_distance  ---  mean_surface_distance  ---  median_surface_distance  ---  std_surface_distance  ---  max_surface_distance:
Backgroud:mean[20.568160424142118, 3.9993734241163046, 1.8814349561929702, 5.872365875673351, 36.87196409702301]
          std[6.759252589956445, 1.7692748267183447, 1.1565125297843142, 2.652642939145521, 13.993607526943231]
Myo:      mean[21.73662828080284, 1.9002375564996257, 0.9619109123945236, 2.735026720394864, 21.7366281747818]
          std[14.8440669927388, 0.6855746557697543, 0.6221401830853607, 1.205876217437799, 14.84406641341082]
LV:       mean[21.663428303980027, 2.579801771892932, 1.2946907728910446, 3.909396613715912, 23.29571130275726]
          std[15.422397744477124, 1.3356762754918086, 0.9279032553038359, 2.6947437157032805, 14.864382998801398]
RV:       mean[55.260609900768785, 6.546563483747624, 2.264497610926628, 10.200682525322783, 55.37923309803009]
          std[20.808711565847503, 4.334315246151964, 1.6852642709186851, 6.072462330204808, 20.550812556923837]
