0.998737,0.850414,0.946968,0.897269
0.994430,0.627826,0.866706,0.830163
0.995536,0.666744,0.744895,0.784354
0.996167,0.724069,0.868631,0.781258
0.994753,0.616612,0.886442,0.710163
0.995244,0.806189,0.915991,0.853201
0.996194,0.743384,0.798206,0.852432
0.997676,0.770166,0.937845,0.873479
0.996934,0.752338,0.940657,0.910777
0.996900,0.768820,0.919009,0.872511
0.997271,0.759292,0.891242,0.796638
0.995951,0.810980,0.925602,0.757654
0.996722,0.672456,0.897715,0.773832
0.996884,0.776438,0.840100,0.767851
0.995863,0.780037,0.913787,0.886008
0.997602,0.804825,0.927031,0.899465
0.993920,0.721999,0.904807,0.736792
0.996195,0.828674,0.917248,0.782081
0.996359,0.764489,0.870967,0.853971
0.997375,0.836372,0.955744,0.765213
0.998425,0.886684,0.953216,0.943244
0.997038,0.817656,0.923582,0.841941
0.994942,0.721909,0.850563,0.805389
0.996731,0.796152,0.939512,0.868288
0.996938,0.636477,0.879080,0.897823
0.996413,0.731538,0.905469,0.574362
0.997612,0.855066,0.873603,0.878631
0.997738,0.869229,0.952489,0.840378
0.997092,0.800251,0.931497,0.905922
0.997587,0.695502,0.885959,0.873339
0.997113,0.774025,0.941660,0.884723
0.996653,0.641715,0.873410,0.901463
0.996906,0.734476,0.839895,0.802197
0.998317,0.767535,0.898033,0.926138
0.996848,0.678251,0.882858,0.885911
0.997410,0.808682,0.941939,0.873937
0.995325,0.752843,0.837666,0.726951
0.995705,0.735823,0.914644,0.821573
0.998040,0.805889,0.932677,0.914206
0.996529,0.687632,0.878461,0.810166
Results:
Dice Score:  Backgroud  ---  Myo  ---  LV  ---  RV
mean:[0.9966518804430962, 0.756986454129219, 0.8976450368762017, 0.8340424582362175]
std:[0.0010756555224301072, 0.0671400084993872, 0.04419980203576605, 0.0720226449340378]
                  jaccard  ---  dice  ---  volume_similarity  ---  false_negative  ---  false_positive 
Backgroud:mean[0.9933283895391589, 0.9966518773405971, 0.0005220915916588186, 0.003084782192903969, 0.0036062063408247537]
          std[0.0021359009789190054, 0.0010756538351061307, 0.0032067624495161914, 0.002186049919814796, 0.0016211152740699883]
Myo:      mean[0.6136465761928771, 0.7569864549051053, 0.18040619343276906, 0.16575658953491143, 0.3026017911352754]
          std[0.08632867788993483, 0.06714001275271034, 0.12107420546564224, 0.07651994210912631, 0.08054712657960164]
LV:       mean[0.8170945006370243, 0.8976450335247728, -0.05274537781314502, 0.12162739963692341, 0.07494713405976232]
          std[0.06987604647483438, 0.044199805204701396, 0.12574866861362502, 0.07368828760354791, 0.06356625914295681]
RV:       mean[0.7214942239212603, 0.834042457781268, 0.05354640314104368, 0.13883265241919585, 0.18042196984442177]
          std[0.10023920270381509, 0.07202264609815331, 0.17295328015942757, 0.0828282300259201, 0.10455635665234099]
                  hausdorff_distance  ---  mean_surface_distance  ---  median_surface_distance  ---  std_surface_distance  ---  max_surface_distance:
Backgroud:mean[21.693532222129058, 3.9305809899468778, 1.1039613097906114, 7.2687517304893134, 45.20435841083527]
          std[8.062658367066982, 3.1910001845359046, 0.859551412637944, 5.709689891204876, 27.322533531993706]
Myo:      mean[31.9534746486169, 1.8576569776801992, 0.6824970990419388, 3.8410152998250346, 31.954462277889252]
          std[28.63056266293671, 1.194232490933159, 0.42832638826156677, 3.8908891359766615, 28.629684747413783]
LV:       mean[30.777985762512124, 3.25351382595736, 0.9685145586729049, 5.597826926047458, 32.17082364559174]
          std[29.44525093306599, 3.7818667856289636, 1.0296333979594203, 6.3572003094107625, 28.753115141196425]
RV:       mean[41.6025899723774, 3.3779012296931468, 1.0380248874425888, 6.673353572758143, 41.77418044805527]
          std[29.856964392676588, 2.505937660949051, 1.1474849779595537, 5.766114443600501, 29.689901911734015]
