0.997909,0.803238,0.932883,0.860751
0.996248,0.807596,0.914744,0.835172
0.997385,0.798889,0.829507,0.776600
0.996777,0.739663,0.845399,0.875533
0.995938,0.683575,0.907280,0.691247
0.996576,0.847352,0.944307,0.895794
0.998220,0.859762,0.911398,0.911434
0.997041,0.825921,0.915760,0.895823
0.997456,0.827839,0.928346,0.894012
0.996942,0.790312,0.891054,0.869657
0.996224,0.776423,0.870730,0.698864
0.997113,0.839873,0.936539,0.829271
0.996913,0.670081,0.882039,0.811531
0.996936,0.814548,0.875312,0.704729
0.996194,0.800505,0.892074,0.914598
0.998430,0.884449,0.946754,0.920202
0.996716,0.846214,0.923053,0.770033
0.996563,0.870272,0.941751,0.797933
0.995062,0.706629,0.815389,0.850363
0.996326,0.730736,0.922917,0.812227
0.998253,0.859224,0.930496,0.929860
0.997695,0.830270,0.933322,0.915746
0.996550,0.780490,0.919414,0.862577
0.996280,0.793824,0.908399,0.898368
0.996913,0.707120,0.902447,0.886708
0.997598,0.762901,0.860520,0.595772
0.997314,0.832501,0.898610,0.855302
0.997718,0.886972,0.948475,0.851412
0.997797,0.829584,0.934879,0.931137
0.994497,0.692051,0.787053,0.757466
0.997404,0.821583,0.930900,0.903718
0.996799,0.704529,0.883769,0.847979
0.995130,0.744506,0.860966,0.349604
0.998526,0.833344,0.912520,0.938168
0.996732,0.728308,0.847707,0.786940
0.990408,0.685893,0.803438,0.896438
0.991771,0.785446,0.868933,0.360442
0.995032,0.739238,0.923079,0.841711
0.997974,0.846199,0.935325,0.915830
0.995663,0.652020,0.807996,0.825834
Results:
Dice Score:  Backgroud  ---  Myo  ---  LV  ---  RV
mean:[0.9965755581855774, 0.7859969317913056, 0.8956371054053307, 0.8191696971654892]
std:[0.0015760253417194164, 0.06316568371835063, 0.042907681508130756, 0.12995572089309115]
                  jaccard  ---  dice  ---  volume_similarity  ---  false_negative  ---  false_positive 
Backgroud:mean[0.993179385397411, 0.9965755554661033, -0.0019245278600692473, 0.00437796831072754, 0.0024605844408818957]
          std[0.0031203012346999017, 0.001576023080668568, 0.004134728594388456, 0.0026899094198471448, 0.002472103461563107]
Myo:      mean[0.6518287788767795, 0.7859969246803142, 0.0859296887759278, 0.17381691906968355, 0.24284986169694825]
          std[0.08440870700286988, 0.06316568632249045, 0.14852191460373654, 0.08855217011151739, 0.07743408491499652]
LV:       mean[0.813646398273953, 0.895637099809082, -0.013138967383267464, 0.10571813322712945, 0.09538046717224906]
          std[0.06819212433079853, 0.04290768342617046, 0.1322336375330866, 0.07778380705933516, 0.06010307394237043]
RV:       mean[0.7105242570873183, 0.8191696960845288, 0.15865649815060606, 0.10540056497657717, 0.21778687494522955]
          std[0.1542339530752942, 0.12995572270286715, 0.30325263346167863, 0.0871850067704291, 0.17413208427957297]
                  hausdorff_distance  ---  mean_surface_distance  ---  median_surface_distance  ---  std_surface_distance  ---  max_surface_distance:
Backgroud:mean[18.737080969349552, 3.1904225481375232, 1.2586004137992859, 4.99208701092129, 35.43930337429047]
          std[6.451645162446604, 2.381599650250958, 1.2721062144255013, 4.094816248367849, 29.590651482552257]
Myo:      mean[27.95788582391581, 1.9028424538798638, 0.6647791117429733, 3.1948291743892403, 27.96356883049011]
          std[29.117846858045226, 1.58369473980281, 0.3771303042953166, 3.147703605712481, 29.11397685704822]
LV:       mean[26.615948458894877, 2.9378187547808485, 0.8695917725563049, 5.014841407299494, 27.89830901622772]
          std[25.088606020329657, 3.052646921490661, 0.6226058744910724, 5.527695948474469, 24.353585672427773]
RV:       mean[25.050289527456474, 2.885170084032562, 1.3050845980644226, 4.336031402347579, 25.47555229663849]
          std[20.972024061143436, 2.392807403774569, 1.8689004117518586, 4.15523992260672, 20.71867410189197]
