0.998777,0.866750,0.945062,0.893286
0.994033,0.688215,0.911580,0.733899
0.996286,0.707344,0.811991,0.777624
0.995136,0.749028,0.873453,0.774750
0.997292,0.722963,0.918321,0.825199
0.996638,0.807105,0.931355,0.895191
0.998182,0.853572,0.923960,0.868782
0.997327,0.786118,0.942936,0.885474
0.997013,0.812956,0.948333,0.877873
0.996522,0.774427,0.905605,0.862066
0.996636,0.728543,0.878471,0.770833
0.995795,0.827145,0.932150,0.776380
0.996483,0.724530,0.925654,0.744929
0.997586,0.830495,0.896438,0.830629
0.996240,0.786366,0.927889,0.906209
0.997955,0.862398,0.952517,0.902138
0.994992,0.774566,0.910843,0.766996
0.996436,0.861819,0.952512,0.801502
0.996011,0.760062,0.847297,0.860433
0.997716,0.863320,0.966965,0.795372
0.998266,0.857523,0.924239,0.938736
0.996003,0.838509,0.941156,0.794481
0.995611,0.716960,0.825775,0.877408
0.996616,0.786561,0.936125,0.853054
0.997083,0.687353,0.885395,0.896268
0.997507,0.791561,0.899832,0.745378
0.997405,0.874978,0.925862,0.806624
0.997747,0.872996,0.943520,0.856133
0.997758,0.832377,0.950160,0.893027
0.997718,0.743155,0.896418,0.882154
0.997567,0.799995,0.954653,0.913852
0.996881,0.706942,0.889269,0.895463
0.996333,0.788158,0.876940,0.705669
0.998300,0.789779,0.911933,0.927448
0.996983,0.726426,0.895298,0.905820
0.997628,0.816448,0.952761,0.909244
0.996413,0.777476,0.885015,0.805859
0.995352,0.748826,0.920912,0.805152
0.998537,0.850444,0.950094,0.937579
0.996544,0.653021,0.853899,0.812381
Results:
Dice Score:  Backgroud  ---  Myo  ---  LV  ---  RV
mean:[0.9968827605247498, 0.786180229485035, 0.9130647346377373, 0.8427823334932327]
std:[0.0010260752936555018, 0.05888675412009834, 0.03605958979503675, 0.061832070791624]
                  jaccard  ---  dice  ---  volume_similarity  ---  false_negative  ---  false_positive 
Backgroud:mean[0.993786984663268, 0.9968827628161273, 0.0016944844783070036, 0.0022698812164680528, 0.003958645155392566]
          std[0.002038444080271751, 0.0010260720853390093, 0.0030120478336232138, 0.0016904033214414603, 0.0019328645711506123]
Myo:      mean[0.6515397703721755, 0.7861802321860336, 0.152583328712873, 0.14613211882986174, 0.26697148544885235]
          std[0.079425267454808, 0.05888675133889879, 0.11825625301771846, 0.07432510270979385, 0.07117531709439873]
LV:       mean[0.8420070130590174, 0.9130647338867085, -0.023661168309903217, 0.09472422159019281, 0.0731715016069084]
          std[0.05946032187053472, 0.03605958555684957, 0.11401518466921416, 0.06078482234477951, 0.059186207798531405]
RV:       mean[0.7331543868348802, 0.8427823319361799, -0.06588537091036108, 0.17537643827766752, 0.12290435543494123]
          std[0.09127430387126764, 0.061832073365616726, 0.18949153204664812, 0.10749569883311019, 0.07703150733912346]
                  hausdorff_distance  ---  mean_surface_distance  ---  median_surface_distance  ---  std_surface_distance  ---  max_surface_distance:
Backgroud:mean[18.147139199432623, 2.821548181662947, 0.8106107324361801, 5.114648636430753, 34.22446129322052]
          std[6.038429675225219, 3.256191402399786, 0.6808952238371577, 5.7248723465120275, 23.282412625408867]
Myo:      mean[26.10052304438513, 1.6144235756183125, 0.5660911411046982, 3.2547508357769543, 26.100523042678834]
          std[25.177327584999343, 1.7698027015479711, 0.37124963844995984, 4.915688604719856, 25.177327629110952]
LV:       mean[19.651707667543228, 1.9461222688302442, 0.6268793344497681, 3.295032931077583, 20.650714528560638]
          std[20.80467121114886, 2.4714422091193087, 0.6011152550422205, 5.329612323196703, 20.620376947500937]
RV:       mean[34.72336586044095, 2.7389375607880533, 0.748089462518692, 5.1291129010387495, 34.72336597442627]
          std[21.42990485825154, 1.6378527458825707, 0.7984965776629481, 3.324388182799499, 21.42990446447376]
