0.997059,0.802477,0.934218,0.781543
0.991108,0.673284,0.881783,0.647007
0.994497,0.670182,0.799759,0.676523
0.992634,0.654382,0.836978,0.646464
0.994287,0.477292,0.779269,0.625833
0.995330,0.738267,0.847189,0.838590
0.995369,0.785017,0.826192,0.816475
0.994709,0.695735,0.902103,0.798364
0.996436,0.767840,0.922113,0.849435
0.994551,0.721176,0.872438,0.770724
0.995457,0.709086,0.856541,0.657263
0.994438,0.794998,0.913632,0.703204
0.995696,0.682678,0.896570,0.624714
0.993660,0.711058,0.779245,0.728561
0.995719,0.741226,0.874405,0.847891
0.995986,0.811770,0.932027,0.818655
0.987557,0.602302,0.776050,0.633202
0.994240,0.762625,0.907084,0.632750
0.995291,0.625184,0.738424,0.845017
0.995436,0.747200,0.941345,0.629995
0.992879,0.688615,0.845109,0.901796
0.993560,0.803422,0.909205,0.712283
0.993731,0.629914,0.803314,0.800870
0.995374,0.748931,0.921700,0.826355
0.994763,0.561379,0.860852,0.818803
0.997396,0.766696,0.887953,0.762737
0.994860,0.774800,0.852392,0.723713
0.995071,0.824136,0.913679,0.727668
0.995519,0.813456,0.933751,0.763282
0.995903,0.714480,0.893281,0.795920
0.995296,0.658233,0.847058,0.874754
0.995951,0.669043,0.881973,0.835127
0.994315,0.759174,0.853033,0.529372
0.996851,0.793880,0.916126,0.875548
0.996115,0.640031,0.863592,0.869798
0.996993,0.800588,0.951385,0.889618
0.994693,0.714670,0.825459,0.616854
0.993038,0.661948,0.832058,0.719984
0.997285,0.816271,0.940650,0.885977
0.994542,0.581077,0.823371,0.692165
Results:
Dice Score:  Backgroud  ---  Myo  ---  LV  ---  RV
mean:[0.9948398515582084, 0.7148630991578102, 0.8693326532840728, 0.754870918393135]
std:[0.0017504789673367998, 0.07868643182477046, 0.05221040938158357, 0.09512945415308494]
                  jaccard  ---  dice  ---  volume_similarity  ---  false_negative  ---  false_positive 
Backgroud:mean[0.9897386962762734, 0.9948398500700097, 0.004108488773691204, 0.003108220773252685, 0.007192560220336741]
          std[0.003454098586229344, 0.001750473690056939, 0.004734373089013043, 0.0023696571571304114, 0.0033926882108916015]
Myo:      mean[0.5618777295317139, 0.7148631000967562, 0.0961233415186704, 0.24169217225409495, 0.31526951800368913]
          std[0.09210661760311602, 0.07868643047336626, 0.16698965164075882, 0.11226796900136059, 0.08153346394721177]
LV:       mean[0.7725751338802024, 0.8693326525965495, 0.009109602092384903, 0.12082862291643466, 0.12827145598117046]
          std[0.08040937140410233, 0.052210410869979205, 0.1711279869506475, 0.08274852323389581, 0.08739035924317626]
RV:       mean[0.6155170936679377, 0.7548709134251529, -0.2041850369421725, 0.30375880212583584, 0.14876435932182425]
          std[0.12148790217306746, 0.09512945469018488, 0.24836138313999273, 0.12758596602006145, 0.11784931455703285]
                  hausdorff_distance  ---  mean_surface_distance  ---  median_surface_distance  ---  std_surface_distance  ---  max_surface_distance:
Backgroud:mean[20.78107071794765, 6.307679062116092, 2.4245185166597367, 9.772217513491832, 55.958322858810426]
          std[6.395695575772246, 4.048064294572567, 1.3102565714235102, 5.668312271574094, 22.22959523723741]
Myo:      mean[47.91081716551609, 3.450830182633969, 0.9779078036546707, 6.8783596307417, 47.91081578731537]
          std[26.338528430331607, 2.941052103490367, 0.5540842028325683, 5.8419435097907, 26.338529133144775]
LV:       mean[46.95686711732945, 4.82050313039747, 1.3102525681257249, 8.243174837124059, 48.063582348823545]
          std[30.31911017184809, 4.827060179820289, 0.8761024691703239, 7.206461060438602, 29.178185846047874]
RV:       mean[55.94514427689595, 5.851759105908523, 2.5489313304424286, 9.033039406141153, 56.076817417144774]
          std[20.93648120707437, 3.15718029126621, 1.5738802710810096, 4.571221922915684, 20.646647831540502]
