0.998272,0.836775,0.941337,0.884298
0.995491,0.677892,0.914467,0.830244
0.996409,0.736300,0.797348,0.813848
0.994517,0.739631,0.886137,0.754819
0.995843,0.570453,0.827258,0.781808
0.996147,0.800594,0.886512,0.878071
0.995860,0.795541,0.825520,0.811710
0.997079,0.757218,0.926127,0.872241
0.997043,0.828991,0.937802,0.883961
0.996186,0.693663,0.867234,0.878704
0.995151,0.708268,0.862960,0.729328
0.995586,0.799954,0.931791,0.778104
0.995232,0.631041,0.888815,0.682164
0.996600,0.771995,0.865761,0.814738
0.996322,0.796724,0.916973,0.904035
0.996887,0.826381,0.938776,0.866215
0.996833,0.828023,0.942881,0.798442
0.996044,0.851998,0.911755,0.782474
0.995977,0.702307,0.808421,0.880223
0.996910,0.768122,0.949168,0.801071
0.998242,0.781261,0.882244,0.938615
0.996814,0.806935,0.917518,0.857006
0.996365,0.726325,0.860030,0.842480
0.996051,0.757947,0.912614,0.866480
0.995944,0.615986,0.873520,0.832694
0.996758,0.753792,0.913950,0.474506
0.997278,0.855699,0.909596,0.833090
0.997097,0.847717,0.912436,0.849371
0.996961,0.832798,0.934985,0.873035
0.997223,0.707945,0.874709,0.887800
0.996725,0.770964,0.931193,0.890491
0.995466,0.576845,0.856351,0.869802
0.996598,0.775382,0.865596,0.759630
0.997663,0.793842,0.925494,0.929094
0.996181,0.633468,0.868197,0.914397
0.996306,0.818656,0.952602,0.868456
0.994922,0.716431,0.771755,0.734839
0.996306,0.753948,0.884739,0.870263
0.997871,0.841986,0.939401,0.931445
0.995392,0.580330,0.743680,0.767952
Results:
Dice Score:  Backgroud  ---  Myo  ---  LV  ---  RV
mean:[0.9964138090610504, 0.7517532080411911, 0.8889413371682167, 0.8304486013948917]
std:[0.0008424723544205046, 0.07859023550385917, 0.04918270854835091, 0.0819483338603213]
                  jaccard  ---  dice  ---  volume_similarity  ---  false_negative  ---  false_positive 
Backgroud:mean[0.9928546633618721, 0.996413814674308, 0.002076875272562689, 0.0025474219695328757, 0.004616454545495809]
          std[0.0016730699125060637, 0.0008424709373561012, 0.003570319563260921, 0.001860826402816941, 0.0020647789802545843]
Myo:      mean[0.6083338590124262, 0.7517532092677959, 0.07966640238208408, 0.21070162747492044, 0.2740412354918208]
          std[0.0968815318092547, 0.0785902386396717, 0.1598561493257683, 0.10711479125400937, 0.08385295964902251]
LV:       mean[0.803472781480045, 0.8889413331841645, 0.027293295070479097, 0.09445448244353792, 0.11730409653942406]
          std[0.07664240354799487, 0.049182710410819105, 0.15341789933597902, 0.07126370669656756, 0.08635455066268945]
RV:       mean[0.7175331940259712, 0.8304485979990496, -0.05292029587347865, 0.18364145893436873, 0.13450402112244322]
          std[0.10756800208689613, 0.08194833138277774, 0.23345060214073882, 0.09327924581766266, 0.11952908500140151]
                  hausdorff_distance  ---  mean_surface_distance  ---  median_surface_distance  ---  std_surface_distance  ---  max_surface_distance:
Backgroud:mean[18.202189697371853, 3.2170683197427636, 1.3438284605741502, 5.0955228887601, 34.46845374107361]
          std[6.013073686690857, 1.8388751394709504, 0.7837416344823076, 3.204838229670709, 17.313627415324426]
Myo:      mean[29.80487270122732, 1.8625962156189195, 0.7716701447963714, 3.3393144724056567, 29.80487177371979]
          std[18.659765541949188, 0.827374594572781, 0.46699786956129724, 2.272478842117186, 18.659765264855842]
LV:       mean[21.73428607935335, 2.6616961891771167, 1.2112282067537308, 3.862218411272516, 22.615970420837403]
          std[16.842148188286572, 3.1385262503661666, 1.0941520154659128, 4.175334799516438, 16.49238305316679]
RV:       mean[30.972298790384446, 2.9746352253603714, 1.0954824805259704, 5.07635877057759, 31.198979902267457]
          std[22.67463475090092, 1.8850997407465269, 1.0160024878636869, 4.121590714324925, 22.496788929587833]
