0.997921,0.761418,0.924144,0.870858
0.995524,0.619538,0.879925,0.856227
0.996236,0.627301,0.769141,0.813690
0.997146,0.713412,0.851318,0.870134
0.992485,0.526519,0.827074,0.394020
0.994899,0.760995,0.901868,0.735922
0.997559,0.789786,0.884209,0.836204
0.997141,0.743462,0.912180,0.887554
0.997236,0.830485,0.953699,0.879887
0.996331,0.769173,0.881554,0.867875
0.996307,0.693511,0.846948,0.758331
0.997037,0.793881,0.911654,0.860093
0.997213,0.629968,0.879756,0.778227
0.996912,0.733231,0.813695,0.818852
0.997124,0.820459,0.911642,0.901151
0.997612,0.800910,0.928471,0.908512
0.996551,0.812613,0.945717,0.781794
0.996815,0.831557,0.925068,0.781378
0.994187,0.674776,0.802070,0.810412
0.997733,0.782632,0.959154,0.872510
0.998329,0.831745,0.907623,0.926267
0.997737,0.803693,0.925963,0.877312
0.992370,0.656604,0.718848,0.796408
0.996408,0.738314,0.911420,0.903136
0.995882,0.522857,0.825641,0.855140
0.996877,0.761085,0.875455,0.519617
0.997430,0.841110,0.901854,0.818728
0.997567,0.828304,0.943270,0.861993
0.997838,0.765680,0.926615,0.935252
0.997849,0.692496,0.894993,0.869457
0.997478,0.760238,0.917902,0.912265
0.995939,0.559229,0.842154,0.863825
0.996764,0.774528,0.853244,0.725260
0.998330,0.752872,0.889209,0.914627
0.996285,0.609660,0.853172,0.898568
0.997338,0.782197,0.940630,0.917513
0.995364,0.728415,0.867901,0.829909
0.994149,0.669103,0.857500,0.795275
0.998174,0.785122,0.918976,0.927913
0.992584,0.381168,0.681388,0.645747
Results:
Dice Score:  Backgroud  ---  Myo  ---  LV  ---  RV
mean:[0.9965164691209794, 0.7240012049674988, 0.879076112806797, 0.8269460126757622]
std:[0.001519020607540123, 0.09999342723794667, 0.05972728025883837, 0.10593643529872769]
                  jaccard  ---  dice  ---  volume_similarity  ---  false_negative  ---  false_positive 
Backgroud:mean[0.9930616794394126, 0.9965164681764932, -0.0013081482547964963, 0.004127145359257041, 0.0028285096004805627]
          std[0.003010645561211727, 0.0015190207659879502, 0.004608845091656316, 0.0035295260947829947, 0.001612508675366898]
Myo:      mean[0.5762247789587513, 0.7240012070835166, 0.25493965082930037, 0.1665438415999812, 0.35186805763694246]
          std[0.11315991125784663, 0.09999342632694252, 0.17928837264475458, 0.10943626974262582, 0.11017907887457931]
LV:       mean[0.7889982225330656, 0.8790761077639244, -0.040354297551573624, 0.13343816391093113, 0.09522318136762038]
          std[0.08949393504386546, 0.05972728347221721, 0.17255118109843307, 0.07841915364404708, 0.1001827611214034]
RV:       mean[0.7167188995190261, 0.8269460088065452, 0.164054922860705, 0.09520602418107857, 0.21979493344411152]
          std[0.13147130411070962, 0.10593643597385374, 0.25055697827664114, 0.07667469766355454, 0.1462191376199746]
                  hausdorff_distance  ---  mean_surface_distance  ---  median_surface_distance  ---  std_surface_distance  ---  max_surface_distance:
Backgroud:mean[20.67277863629363, 2.54055770493595, 1.2313980638980866, 3.483384598179223, 24.21349732875824]
          std[6.412316637265783, 1.3994522080988552, 1.0294587864852291, 1.7523061164750262, 11.095566807434114]
Myo:      mean[18.23034535640394, 1.7712464837207087, 0.9221733242273331, 2.4293351114195745, 18.22507208585739]
          std[10.269597690149011, 0.6977589454207038, 0.48194142070698603, 0.8643375649187336, 10.268605019915574]
LV:       mean[14.65250270683573, 2.2228135256389834, 1.3421545505523682, 2.6700269919432276, 15.795505702495575]
          std[6.6188199554034775, 1.2063945340745243, 1.210066705692039, 1.2602046303047707, 6.9504431415137296]
RV:       mean[22.69730764617889, 2.536693865868305, 1.2296325623989106, 3.6389510483561507, 22.98149366378784]
          std[15.243895344830623, 2.0595531821049113, 1.7392741154726423, 2.736762099431018, 15.095099448035656]
